2430956 67 8 -1.2 -0.5 -1.7
2430957 67 8 -1.2 -0.5 -1.7
2430953 67 12 -1.2 -0.2 -1.4
2430954 67 12 -1.2 -0.2 -1.4
2430955 67 12 -1.2 -0.2 -1.4
2430958 67 12 -1.2 -0.2 -1.4
2430959 67 12 -1.2 -0.2 -1.4
2430960 67 12 -1.2 -0.2 -1.4
2430961 67 12 -1.2 -0.2 -1.4
2430962 67 12 -1.2 -0.2 -1.4
2430963 67 12 -1.2 -0.2 -1.4
2430964 67 12 -1.2 -0.2 -1.4
2430965 67 12 -1.2 -0.2 -1.4
2430966 67 12 -1.2 -0.2 -1.4
2430967 67 12 -1.2 -0.2 -1.4
2430897 67 14 -1.2 -0.0 -1.3
2430898 67 14 -1.2 -0.0 -1.3
2430899 67 14 -1.2 -0.0 -1.3
2430900 67 14 -1.2 -0.0 -1.3
2430901 67 14 -1.2 -0.0 -1.3
2430902 67 14 -1.2 -0.0 -1.3
2430903 67 14 -1.2 -0.0 -1.3
2430904 67 14 -1.2 -0.0 -1.3
2430905 67 14 -1.2 -0.0 -1.3
2430906 67 14 -1.2 -0.0 -1.3
2430907 67 14 -1.2 -0.0 -1.3
2430908 67 14 -1.2 -0.0 -1.3
2430909 67 14 -1.2 -0.0 -1.3
2430910 67 14 -1.2 -0.0 -1.3
2430911 67 14 -1.2 -0.0 -1.3
2430912 67 14 -1.2 -0.0 -1.3
2430913 67 14 -1.2 -0.0 -1.3
2430914 67 14 -1.2 -0.0 -1.3
2430915 67 14 -1.2 -0.0 -1.3
2430916 67 14 -1.2 -0.0 -1.3
2430917 67 14 -1.2 -0.0 -1.3
2430918 67 14 -1.2 -0.0 -1.3
2430919 67 14 -1.2 -0.0 -1.3
2430920 67 14 -1.2 -0.0 -1.3
2430921 67 14 -1.2 -0.0 -1.3
2430922 67 14 -1.2 -0.0 -1.3
2430923 67 14 -1.2 -0.0 -1.3
2430924 67 14 -1.2 -0.0 -1.3
2430925 67 14 -1.2 -0.0 -1.3
2430926 67 14 -1.2 -0.0 -1.3
2430927 67 14 -1.2 -0.0 -1.3
2430928 67 14 -1.2 -0.0 -1.3
2430929 67 14 -1.2 -0.0 -1.3
2430930 67 14 -1.2 -0.0 -1.3
2430931 67 14 -1.2 -0.0 -1.3
2430932 67 14 -1.2 -0.0 -1.3
2430933 67 14 -1.2 -0.0 -1.3
2430934 67 14 -1.2 -0.0 -1.3
2430935 67 14 -1.2 -0.0 -1.3
2430936 67 14 -1.2 -0.0 -1.3
2430937 67 13 -1.2 -0.1 -1.3
2430938 67 13 -1.2 -0.1 -1.3
2430939 67 13 -1.2 -0.1 -1.3
2430940 67 13 -1.2 -0.1 -1.3
2430941 67 13 -1.2 -0.1 -1.3
2430942 67 13 -1.2 -0.1 -1.3
2430943 67 13 -1.2 -0.1 -1.3
2430944 67 13 -1.2 -0.1 -1.3
2430945 67 13 -1.2 -0.1 -1.3
2430946 67 13 -1.2 -0.1 -1.3
2430947 67 13 -1.2 -0.1 -1.3
2430948 67 13 -1.2 -0.1 -1.3
2430949 67 13 -1.2 -0.1 -1.3
2430950 67 13 -1.2 -0.1 -1.3
2430951 67 13 -1.2 -0.1 -1.3
2430952 67 13 -1.2 -0.1 -1.3
2430896 67 15 -1.2 0.0 -1.2
2430833 67 17 -1.2 0.2 -1.1
2430834 67 17 -1.2 0.2 -1.1
2430835 67 17 -1.2 0.2 -1.1
2430836 67 17 -1.2 0.2 -1.1
2430837 67 17 -1.2 0.2 -1.1
2430838 67 17 -1.2 0.2 -1.1
2430839 67 17 -1.2 0.2 -1.1
2430840 67 17 -1.2 0.2 -1.1
2430841 67 17 -1.2 0.2 -1.1
2430842 67 17 -1.2 0.2 -1.1
2430881 67 17 -1.2 0.2 -1.1
2430882 67 17 -1.2 0.2 -1.1
2430843 67 18 -1.2 0.2 -1.0
2430880 67 18 -1.2 0.2 -1.0
2430883 67 18 -1.2 0.2 -1.0
2430884 67 18 -1.2 0.2 -1.0
2430885 67 18 -1.2 0.2 -1.0
2430886 67 18 -1.2 0.2 -1.0
2430887 67 19 -1.2 0.3 -0.9
2430888 67 19 -1.2 0.3 -0.9
2430889 67 19 -1.2 0.3 -0.9
2430890 67 19 -1.2 0.3 -0.9
2430891 67 19 -1.2 0.3 -0.9
2430892 67 19 -1.2 0.3 -0.9
2430893 67 19 -1.2 0.3 -0.9
2430894 67 19 -1.2 0.3 -0.9
2430895 67 19 -1.2 0.3 -0.9
2430852 67 21 -1.2 0.5 -0.8
2430853 67 21 -1.2 0.5 -0.8
2430854 67 21 -1.2 0.5 -0.8
2430855 67 21 -1.2 0.5 -0.8
2430856 67 21 -1.2 0.5 -0.8
2430857 67 21 -1.2 0.5 -0.8
2430858 67 21 -1.2 0.5 -0.8
2430859 67 21 -1.2 0.5 -0.8
2430860 67 21 -1.2 0.5 -0.8
2430861 67 21 -1.2 0.5 -0.8
2430862 67 21 -1.2 0.5 -0.8
2430863 67 21 -1.2 0.5 -0.8
2430864 67 21 -1.2 0.5 -0.8
2430865 67 21 -1.2 0.5 -0.8
2430866 67 21 -1.2 0.5 -0.8
2430867 67 21 -1.2 0.5 -0.8
2430868 67 21 -1.2 0.5 -0.8
2430869 67 21 -1.2 0.5 -0.8
2430870 67 21 -1.2 0.5 -0.8
2430871 67 21 -1.2 0.5 -0.8
2430844 67 22 -1.2 0.5 -0.7
2430845 67 22 -1.2 0.5 -0.7
2430846 67 22 -1.2 0.5 -0.7
2430847 67 22 -1.2 0.5 -0.7
2430848 67 22 -1.2 0.5 -0.7
2430849 67 22 -1.2 0.5 -0.7
2430850 67 22 -1.2 0.5 -0.7
2430851 67 22 -1.2 0.5 -0.7
2430872 67 22 -1.2 0.5 -0.7
2430873 67 22 -1.2 0.5 -0.7
2430874 67 22 -1.2 0.5 -0.7
2430875 67 22 -1.2 0.5 -0.7
2430876 67 22 -1.2 0.5 -0.7
2430877 67 22 -1.2 0.5 -0.7
2430878 67 22 -1.2 0.5 -0.7
2430879 67 22 -1.2 0.5 -0.7
2430677 70 21 -0.8 0.5 -0.3
2430678 70 21 -0.8 0.5 -0.3
2430679 70 21 -0.8 0.5 -0.3
2430680 70 21 -0.8 0.5 -0.3
2430681 70 21 -0.8 0.5 -0.3
2430682 70 21 -0.8 0.5 -0.3
2430683 70 21 -0.8 0.5 -0.3
2430684 70 21 -0.8 0.5 -0.3
2430685 70 21 -0.8 0.5 -0.3
2430722 70 21 -0.8 0.5 -0.3
2430723 70 21 -0.8 0.5 -0.3
2430724 70 21 -0.8 0.5 -0.3
2430725 70 21 -0.8 0.5 -0.3
2430726 70 21 -0.8 0.5 -0.3
2430727 70 21 -0.8 0.5 -0.3
2430728 70 21 -0.8 0.5 -0.3
2430729 70 21 -0.8 0.5 -0.3
2430730 70 21 -0.8 0.5 -0.3
2430731 70 21 -0.8 0.5 -0.3
2430732 70 21 -0.8 0.5 -0.3
2430733 70 21 -0.8 0.5 -0.3
2430734 70 21 -0.8 0.5 -0.3
2430735 70 21 -0.8 0.5 -0.3
2430736 70 21 -0.8 0.5 -0.3
2430737 70 21 -0.8 0.5 -0.3
2430738 70 21 -0.8 0.5 -0.3
2430739 70 21 -0.8 0.5 -0.3
2430740 70 21 -0.8 0.5 -0.3
2430741 70 21 -0.8 0.5 -0.3
2430742 70 21 -0.8 0.5 -0.3
2430686 70 22 -0.8 0.5 -0.2
2430721 70 22 -0.8 0.5 -0.2
2430743 70 22 -0.8 0.5 -0.2
2430744 70 22 -0.8 0.5 -0.2
2430745 70 22 -0.8 0.5 -0.2
2430746 70 22 -0.8 0.5 -0.2
2430747 70 22 -0.8 0.5 -0.2
2430748 70 22 -0.8 0.5 -0.2
2430749 70 22 -0.8 0.5 -0.2
2430750 70 22 -0.8 0.5 -0.2
2430751 70 22 -0.8 0.5 -0.2
2430752 70 22 -0.8 0.5 -0.2
2430753 70 22 -0.8 0.5 -0.2
2430754 70 22 -0.8 0.5 -0.2
2430755 70 22 -0.8 0.5 -0.2
2430756 70 22 -0.8 0.5 -0.2
2430757 70 22 -0.8 0.5 -0.2
2430758 70 23 -0.8 0.6 -0.2
2430759 70 23 -0.8 0.6 -0.2
2430760 70 23 -0.8 0.6 -0.2
2430761 70 23 -0.8 0.6 -0.2
2430762 70 22 -0.8 0.5 -0.2
2430763 70 22 -0.8 0.5 -0.2
2430781 70 22 -0.8 0.5 -0.2
2430782 70 22 -0.8 0.5 -0.2
2430783 70 22 -0.8 0.5 -0.2
2430784 70 22 -0.8 0.5 -0.2
2430785 70 22 -0.8 0.5 -0.2
2430786 70 22 -0.8 0.5 -0.2
2430787 70 22 -0.8 0.5 -0.2
2430788 70 22 -0.8 0.5 -0.2
2430789 70 22 -0.8 0.5 -0.2
2430790 70 22 -0.8 0.5 -0.2
2430791 70 22 -0.8 0.5 -0.2
2430792 70 22 -0.8 0.5 -0.2
2430793 70 22 -0.8 0.5 -0.2
2430794 70 22 -0.8 0.5 -0.2
2430795 70 22 -0.8 0.5 -0.2
2430796 70 22 -0.8 0.5 -0.2
2430797 70 22 -0.8 0.5 -0.2
2430798 70 22 -0.8 0.5 -0.2
2430687 70 26 -0.8 0.8 0.1
2430688 70 26 -0.8 0.8 0.1
2430689 70 26 -0.8 0.8 0.1
2430690 70 26 -0.8 0.8 0.1
2430691 70 26 -0.8 0.8 0.1
2430692 70 26 -0.8 0.8 0.1
2430693 70 26 -0.8 0.8 0.1
2430694 70 26 -0.8 0.8 0.1
2430695 70 26 -0.8 0.8 0.1
2430696 70 26 -0.8 0.8 0.1
2430697 70 26 -0.8 0.8 0.1
2430698 70 26 -0.8 0.8 0.1
2430699 70 26 -0.8 0.8 0.1
2430700 70 26 -0.8 0.8 0.1
2430701 70 26 -0.8 0.8 0.1
2430702 70 26 -0.8 0.8 0.1
2430703 70 27 -0.8 0.9 0.1
2430705 70 27 -0.8 0.9 0.1
2430706 70 26 -0.8 0.8 0.1
2430707 70 26 -0.8 0.8 0.1
2430708 70 26 -0.8 0.8 0.1
2430709 70 26 -0.8 0.8 0.1
2430710 70 26 -0.8 0.8 0.1
2430711 70 26 -0.8 0.8 0.1
2430712 70 26 -0.8 0.8 0.1
2430713 70 26 -0.8 0.8 0.1
2430714 70 26 -0.8 0.8 0.1
2430715 70 26 -0.8 0.8 0.1
2430716 70 26 -0.8 0.8 0.1
2430717 70 26 -0.8 0.8 0.1
2430718 70 26 -0.8 0.8 0.1
2430719 70 26 -0.8 0.8 0.1
2430720 70 26 -0.8 0.8 0.1
2430764 70 26 -0.8 0.8 0.1
2430765 70 26 -0.8 0.8 0.1
2430766 70 26 -0.8 0.8 0.1
2430767 70 26 -0.8 0.8 0.1
2430768 70 26 -0.8 0.8 0.1
2430769 70 26 -0.8 0.8 0.1
2430770 70 26 -0.8 0.8 0.1
2430771 70 26 -0.8 0.8 0.1
2430772 70 26 -0.8 0.8 0.1
2430773 70 26 -0.8 0.8 0.1
2430774 70 26 -0.8 0.8 0.1
2430775 70 26 -0.8 0.8 0.1
2430776 70 26 -0.8 0.8 0.1
2430777 70 26 -0.8 0.8 0.1
2430778 70 26 -0.8 0.8 0.1
2430779 70 26 -0.8 0.8 0.1
2430780 70 26 -0.8 0.8 0.1
2430704 70 31 -0.8 1.2 0.4
2430659 75 22 -0.0 0.5 0.5
2430660 75 22 -0.0 0.5 0.5
2430661 75 22 -0.0 0.5 0.5
2430662 75 22 -0.0 0.5 0.5
2430663 75 22 -0.0 0.5 0.5
2430664 75 22 -0.0 0.5 0.5
2430665 75 22 -0.0 0.5 0.5
2430666 75 22 -0.0 0.5 0.5
2430667 75 22 -0.0 0.5 0.5
2430668 75 22 -0.0 0.5 0.5
2430669 75 22 -0.0 0.5 0.5
2430670 75 22 -0.0 0.5 0.5
2430671 75 22 -0.0 0.5 0.5
2430672 75 22 -0.0 0.5 0.5
2430673 75 22 -0.0 0.5 0.5
2430674 75 22 -0.0 0.5 0.5
2430675 75 22 -0.0 0.5 0.5
2430676 75 22 -0.0 0.5 0.5
1073216 86 1 1.6 -1.0 0.6
1073217 86 1 1.6 -1.0 0.6
1073218 86 1 1.6 -1.0 0.6
1073219 86 1 1.6 -1.0 0.6
1073220 86 1 1.6 -1.0 0.6
1073221 86 1 1.6 -1.0 0.6
1073222 86 1 1.6 -1.0 0.6
1073223 86 1 1.6 -1.0 0.6
1073224 86 1 1.6 -1.0 0.6
1073225 86 1 1.6 -1.0 0.6
1073226 86 1 1.6 -1.0 0.6
1073227 86 1 1.6 -1.0 0.6
1073228 86 1 1.6 -1.0 0.6
1073229 86 1 1.6 -1.0 0.6
1073230 86 1 1.6 -1.0 0.6
1073231 86 1 1.6 -1.0 0.6
1073232 86 1 1.6 -1.0 0.6
1073233 86 1 1.6 -1.0 0.6
1073234 86 1 1.6 -1.0 0.6
1073235 86 1 1.6 -1.0 0.6
1073236 86 1 1.6 -1.0 0.6
1073237 86 1 1.6 -1.0 0.6
1073238 86 1 1.6 -1.0 0.6
1073239 86 1 1.6 -1.0 0.6
1073240 86 1 1.6 -1.0 0.6
1073241 86 1 1.6 -1.0 0.6
1073242 86 1 1.6 -1.0 0.6
1073243 86 1 1.6 -1.0 0.6
1073244 86 1 1.6 -1.0 0.6
1073245 86 1 1.6 -1.0 0.6
1073246 86 1 1.6 -1.0 0.6
1073247 86 1 1.6 -1.0 0.6
1073248 86 1 1.6 -1.0 0.6
1073249 86 1 1.6 -1.0 0.6
1073250 86 1 1.6 -1.0 0.6
1073251 86 1 1.6 -1.0 0.6
1073252 86 1 1.6 -1.0 0.6
1073253 86 1 1.6 -1.0 0.6
1073254 86 1 1.6 -1.0 0.6
1073255 86 1 1.6 -1.0 0.6
1073256 86 1 1.6 -1.0 0.6
1073257 86 1 1.6 -1.0 0.6
1073258 86 1 1.6 -1.0 0.6
1073259 86 1 1.6 -1.0 0.6
1073260 86 1 1.6 -1.0 0.6
1073261 86 1 1.6 -1.0 0.6
1073262 86 1 1.6 -1.0 0.6
1073263 86 1 1.6 -1.0 0.6
1073264 86 1 1.6 -1.0 0.6
1073265 86 1 1.6 -1.0 0.6
1073266 86 1 1.6 -1.0 0.6
1073267 86 1 1.6 -1.0 0.6
1073268 86 1 1.6 -1.0 0.6
1073269 86 1 1.6 -1.0 0.6
1073270 86 1 1.6 -1.0 0.6
1073271 86 1 1.6 -1.0 0.6
1073272 86 0 1.6 -1.1 0.6
1073273 86 0 1.6 -1.1 0.6
1073274 86 0 1.6 -1.1 0.6
1073275 86 0 1.6 -1.1 0.6
1073276 86 0 1.6 -1.1 0.6
1073277 86 0 1.6 -1.1 0.6
1073278 86 0 1.6 -1.1 0.6
1073279 86 0 1.6 -1.1 0.6
1073280 86 0 1.6 -1.1 0.6
1073281 86 1 1.6 -1.0 0.6
1073209 86 2 1.6 -0.9 0.7
1073210 86 2 1.6 -0.9 0.7
1073211 86 2 1.6 -0.9 0.7
1073212 86 2 1.6 -0.9 0.7
1073213 86 2 1.6 -0.9 0.7
1073214 86 2 1.6 -0.9 0.7
1073215 86 2 1.6 -0.9 0.7
1073282 86 5 1.6 -0.7 0.9
1073283 86 21 1.6 0.5 2.1
1073284 86 21 1.6 0.5 2.1
